1.000000 0.004562 0.000000
1.000000 0.383066 0.000000
1.000000 0.596297 0.000000
1.000000 0.630357 0.000000
1.000000 0.649530 0.000000
1.000000 0.654984 0.000000
1.000000 0.656312 0.000000
1.000000 0.741413 0.000000
1.000000 0.741520 0.000000
1.000000 0.741529 0.000000
1.000000 0.741541 0.000000
1.000000 0.196104 0.000000
1.000000 0.160009 0.000000
1.000000 0.051166 0.000000
1.000000 -0.053475 0.000000
1.000000 -0.243151 0.000000
0.940219 -0.326368 0.000000
0.782787 -0.344427 0.000000
0.671931 -0.389145 0.913517
0.761869 -0.420309 0.922745
0.851097 -0.443896 0.932065
0.868111 -0.429860 0.941480
0.827985 -0.315801 0.950990
0.480733 -0.227275 0.960596
0.468307 -0.106554 0.970299
0.521935 -0.010212 0.980100
0.588918 0.015509 0.990000
0.613548 0.027453 1.000000
1.000000 -0.227651 0.000000
1.000000 -0.228189 0.000000
1.000000 -0.228745 0.000000
1.000000 -0.228838 0.000000
1.000000 -0.228928 0.000000
1.000000 -0.228984 0.000000
1.000000 -0.229239 0.000000
1.000000 -0.229497 0.000000
1.000000 -0.229762 0.000000
1.000000 -0.229947 0.000000
1.000000 -0.230051 0.000000
1.000000 -0.230165 0.000000
1.000000 -0.229784 0.000000
1.000000 -0.228728 0.000000
0.853070 -0.228455 0.000000
0.765700 -0.226642 0.000000
0.797593 -0.224885 0.000000
0.682030 -0.224409 0.000000
0.737611 -0.224686 0.913517
0.758309 -0.225921 0.922745
0.785498 -0.227332 0.932065
0.814754 -0.228872 0.941480
0.820773 -0.230414 0.950990
0.516876 -0.225475 0.960596
0.554394 -0.224307 0.970299
0.599333 -0.229602 0.980100
0.623832 -0.237711 0.990000
0.634110 -0.206162 1.000000
1.000000 -0.229560 0.000000
1.000000 -0.229863 0.000000
1.000000 -0.230100 0.000000
1.000000 -0.230195 0.000000
1.000000 -0.230224 0.000000
1.000000 -0.230295 0.000000
1.000000 -0.230286 0.000000
1.000000 -0.230298 0.000000
1.000000 -0.230294 0.000000
1.000000 -0.230276 0.000000
1.000000 -0.230247 0.000000
1.000000 -0.230211 0.000000
1.000000 -0.230084 0.000000
1.000000 -0.229655 0.000000
0.853162 -0.229579 0.000000
0.765796 -0.227737 0.000000
0.684974 -0.225967 0.000000
0.752089 -0.226106 0.000000
0.766509 -0.226290 0.913517
0.768184 -0.227452 0.922745
0.796793 -0.228901 0.932065
0.827603 -0.230397 0.941480
0.834107 -0.231888 0.950990
0.516350 -0.225256 0.960596
0.551586 -0.223672 0.970299
0.597506 -0.228697 0.980100
0.623115 -0.236551 0.990000
0.633858 -0.213340 1.000000
1.000000 -0.230101 0.000000
1.000000 -0.230161 0.000000
1.000000 -0.230145 0.000000
1.000000 -0.230144 0.000000
1.000000 -0.230168 0.000000
1.000000 -0.230157 0.000000
1.000000 -0.230166 0.000000
1.000000 -0.230167 0.000000
1.000000 -0.230168 0.000000
1.000000 -0.230168 0.000000
1.000000 -0.230168 0.000000
1.000000 -0.230168 0.000000
1.000000 -0.230084 0.000000
1.000000 -0.229655 0.000000
0.853162 -0.229580 0.000000
0.765796 -0.227738 0.000000
0.684974 -0.225967 0.000000
0.752089 -0.226105 0.000000
0.766511 -0.226290 0.913517
0.768206 -0.227452 0.922745
0.796813 -0.228902 0.932065
0.827617 -0.230398 0.941480
0.834120 -0.231888 0.950990
0.516350 -0.225257 0.960596
0.551584 -0.223673 0.970299
0.597505 -0.228696 0.980100
0.623114 -0.236549 0.990000
0.633858 -0.213338 1.000000
1.000000 -0.230101 0.000000
1.000000 -0.230161 0.000000
1.000000 -0.230145 0.000000
1.000000 -0.230144 0.000000
1.000000 -0.230168 0.000000
1.000000 -0.230157 0.000000
1.000000 -0.230166 0.000000
1.000000 -0.230167 0.000000
1.000000 -0.230168 0.000000
1.000000 -0.230168 0.000000
1.000000 -0.230168 0.000000
1.000000 -0.230168 0.000000
1.000000 -0.230084 0.000000
1.000000 -0.229655 0.000000
0.853162 -0.229580 0.000000
0.765796 -0.227738 0.000000
0.684974 -0.225967 0.000000
0.752089 -0.226105 0.000000
0.766511 -0.226290 0.913517
0.768206 -0.227452 0.922745
0.796813 -0.228902 0.932065
0.827617 -0.230398 0.941480
0.834120 -0.231888 0.950990
0.516350 -0.225257 0.960596
0.551584 -0.223673 0.970299
0.597505 -0.228696 0.980100
0.623114 -0.236549 0.990000
0.633858 -0.213338 1.000000
1.000000 -0.230101 0.000000
1.000000 -0.230161 0.000000
1.000000 -0.230145 0.000000
1.000000 -0.230144 0.000000
1.000000 -0.230168 0.000000
1.000000 -0.230157 0.000000
1.000000 -0.230166 0.000000
1.000000 -0.230167 0.000000
1.000000 -0.230168 0.000000
1.000000 -0.230168 0.000000
1.000000 -0.230168 0.000000
1.000000 -0.230168 0.000000
1.000000 -0.230084 0.000000
1.000000 -0.229655 0.000000
0.853162 -0.229580 0.000000
0.765796 -0.227738 0.000000
0.684974 -0.225967 0.000000
0.752089 -0.226105 0.000000
0.766511 -0.226290 0.913517
0.768206 -0.227452 0.922745
0.796813 -0.228902 0.932065
0.827617 -0.230398 0.941480
0.834120 -0.231888 0.950990
0.516350 -0.225257 0.960596
0.551584 -0.223673 0.970299
0.597505 -0.228696 0.980100
0.623114 -0.236549 0.990000
0.633858 -0.213338 1.000000
1.000000 -0.230101 0.000000
1.000000 -0.230161 0.000000
1.000000 -0.230145 0.000000
1.000000 -0.230144 0.000000
1.000000 -0.230168 0.000000
1.000000 -0.230157 0.000000
1.000000 -0.230166 0.000000
1.000000 -0.230167 0.000000
1.000000 -0.230168 0.000000
1.000000 -0.230168 0.000000
1.000000 -0.230168 0.000000
1.000000 -0.230168 0.000000
1.000000 -0.230084 0.000000
1.000000 -0.229655 0.000000
0.853162 -0.229580 0.000000
0.765796 -0.227738 0.000000
0.684974 -0.225967 0.000000
0.752089 -0.226105 0.000000
0.766511 -0.226290 0.913517
0.768206 -0.227452 0.922745
0.796813 -0.228902 0.932065
0.827617 -0.230398 0.941480
0.834120 -0.231888 0.950990
0.516350 -0.225257 0.960596
0.551584 -0.223673 0.970299
0.597505 -0.228696 0.980100
0.623114 -0.236549 0.990000
0.633858 -0.213338 1.000000
1.000000 -0.230101 0.000000
1.000000 -0.230161 0.000000
1.000000 -0.230145 0.000000
1.000000 -0.230144 0.000000
1.000000 -0.230168 0.000000
1.000000 -0.230157 0.000000
1.000000 -0.230166 0.000000
1.000000 -0.230167 0.000000
1.000000 -0.230168 0.000000
1.000000 -0.230168 0.000000
1.000000 -0.230168 0.000000
1.000000 -0.230168 0.000000
1.000000 -0.230084 0.000000
1.000000 -0.229655 0.000000
0.853162 -0.229580 0.000000
0.765796 -0.227738 0.000000
0.684974 -0.225967 0.000000
0.752089 -0.226105 0.000000
0.766511 -0.226290 0.913517
0.768206 -0.227452 0.922745
0.796813 -0.228902 0.932065
0.827617 -0.230398 0.941480
0.834120 -0.231888 0.950990
0.516350 -0.225257 0.960596
0.551584 -0.223673 0.970299
0.605060 -0.228091 0.980100
0.643548 -0.237684 0.990000
0.656372 -0.231042 1.000000
1.000000 -0.230101 0.000000
1.000000 -0.230161 0.000000
1.000000 -0.230145 0.000000
1.000000 -0.230144 0.000000
1.000000 -0.230168 0.000000
1.000000 -0.230157 0.000000
1.000000 -0.230166 0.000000
1.000000 -0.230167 0.000000
1.000000 -0.230168 0.000000
1.000000 -0.230168 0.000000
1.000000 -0.230168 0.000000
1.000000 -0.230168 0.000000
1.000000 -0.230084 0.000000
1.000000 -0.229655 0.000000
0.853162 -0.229580 0.000000
0.765796 -0.227738 0.000000
0.684974 -0.225967 0.000000
1.000000 -0.230101 0.000000
1.000000 -0.230161 0.000000
1.000000 -0.230145 0.000000
1.000000 -0.230144 0.000000
1.000000 -0.230168 0.000000
1.000000 -0.230157 0.000000
1.000000 -0.230166 0.000000
1.000000 -0.230167 0.000000
1.000000 -0.230168 0.000000
1.000000 -0.230168 0.000000
1.000000 -0.230168 0.000000
1.000000 -0.230168 0.000000
1.000000 -0.230084 0.000000
1.000000 -0.229655 0.000000
0.853162 -0.229580 0.000000
0.765796 -0.227738 0.000000
0.684974 -0.225967 0.000000
0.752089 -0.226105 0.000000
0.766511 -0.226290 0.913517
0.768206 -0.227452 0.922745
0.796813 -0.228902 0.932065
0.827617 -0.230398 0.941480
0.834120 -0.231888 0.950990
0.516350 -0.225257 0.960596
0.551584 -0.223673 0.970299
0.597505 -0.228696 0.980100
0.623114 -0.236549 0.990000
0.633858 -0.213338 1.000000
1.000000 -0.230101 0.000000
1.000000 -0.230161 0.000000
1.000000 -0.230145 0.000000
1.000000 -0.230144 0.000000
1.000000 -0.230168 0.000000
1.000000 -0.230157 0.000000
1.000000 -0.230166 0.000000
1.000000 -0.230167 0.000000
1.000000 -0.230168 0.000000
1.000000 -0.230168 0.000000
1.000000 -0.230168 0.000000
1.000000 -0.230168 0.000000
1.000000 -0.230084 0.000000
1.000000 -0.229655 0.000000
0.853162 -0.229580 0.000000
0.765796 -0.227738 0.000000
0.684974 -0.225967 0.000000
0.752089 -0.226105 0.000000
0.766511 -0.226290 0.913517
0.768206 -0.227452 0.922745
0.796813 -0.228902 0.932065
0.827617 -0.230398 0.941480
0.834120 -0.231888 0.950990
0.516350 -0.225257 0.960596
0.551584 -0.223673 0.970299
0.597505 -0.228696 0.980100
0.623114 -0.236549 0.990000
0.633858 -0.213338 1.000000
1.000000 -0.230101 0.000000
1.000000 -0.230161 0.000000
1.000000 -0.230145 0.000000
1.000000 -0.230144 0.000000
1.000000 -0.230168 0.000000
1.000000 -0.230157 0.000000
1.000000 -0.230166 0.000000
1.000000 -0.230167 0.000000
1.000000 -0.230168 0.000000
1.000000 -0.230168 0.000000
1.000000 -0.230168 0.000000
1.000000 -0.230168 0.000000
1.000000 -0.230084 0.000000
1.000000 -0.229655 0.000000
0.853162 -0.229580 0.000000
0.765796 -0.227738 0.000000
0.684974 -0.225967 0.000000
0.752089 -0.226105 0.000000
0.766511 -0.226290 0.913517
0.768206 -0.227452 0.922745
0.796813 -0.228902 0.932065
0.827617 -0.230398 0.941480
0.834120 -0.231888 0.950990
0.516350 -0.225257 0.960596
0.551584 -0.223673 0.970299
0.597505 -0.228696 0.980100
0.623114 -0.236549 0.990000
0.633858 -0.213338 1.000000
1.000000 -0.230101 0.000000
1.000000 -0.230161 0.000000
1.000000 -0.230145 0.000000
1.000000 -0.230144 0.000000
1.000000 -0.230168 0.000000
1.000000 -0.230157 0.000000
1.000000 -0.230166 0.000000
1.000000 -0.230167 0.000000
1.000000 -0.230168 0.000000
1.000000 -0.230168 0.000000
1.000000 -0.230168 0.000000
1.000000 -0.230168 0.000000
1.000000 -0.230084 0.000000
1.000000 -0.229655 0.000000
0.853162 -0.229580 0.000000
0.765796 -0.227738 0.000000
0.684974 -0.225967 0.000000
0.752089 -0.226105 0.000000
0.766511 -0.226290 0.913517
0.768206 -0.227452 0.922745
0.796813 -0.228902 0.932065
0.827617 -0.230398 0.941480
0.834120 -0.231888 0.950990
0.517179 -0.225574 0.960596
0.554049 -0.224140 0.970299
0.599149 -0.229168 0.980100
0.623933 -0.236939 0.990000
0.634258 -0.221684 1.000000
1.000000 -0.230101 0.000000
1.000000 -0.230161 0.000000
1.000000 -0.230145 0.000000
1.000000 -0.230144 0.000000
1.000000 -0.230168 0.000000
1.000000 -0.230157 0.000000
1.000000 -0.230166 0.000000
1.000000 -0.230167 0.000000
1.000000 -0.230168 0.000000
1.000000 -0.230168 0.000000
1.000000 -0.230168 0.000000
1.000000 -0.230168 0.000000
1.000000 -0.230084 0.000000
1.000000 -0.229655 0.000000
0.853162 -0.229580 0.000000
0.765796 -0.227738 0.000000
0.684974 -0.225967 0.000000
0.752089 -0.226105 0.000000
0.766511 -0.226290 0.913517
0.768206 -0.227452 0.922745
0.796813 -0.228902 0.932065
0.827617 -0.230398 0.941480
0.834120 -0.231888 0.950990
0.516350 -0.225257 0.960596
0.551584 -0.223673 0.970299
0.597505 -0.228696 0.980100
0.623114 -0.236549 0.990000
0.633858 -0.213338 1.000000
1.000000 -0.230101 0.000000
1.000000 -0.230161 0.000000
1.000000 -0.230145 0.000000
1.000000 -0.230144 0.000000
1.000000 -0.230168 0.000000
1.000000 -0.230157 0.000000
1.000000 -0.230166 0.000000
1.000000 -0.230167 0.000000
1.000000 -0.230168 0.000000
1.000000 -0.230168 0.000000
1.000000 -0.230168 0.000000
1.000000 -0.230168 0.000000
1.000000 -0.230084 0.000000
1.000000 -0.229655 0.000000
0.853162 -0.229580 0.000000
0.765796 -0.227738 0.000000
0.684974 -0.225967 0.000000
0.752089 -0.226105 0.000000
0.766511 -0.226290 0.913517
0.768206 -0.227452 0.922745
0.796813 -0.228902 0.932065
0.827617 -0.230398 0.941480
0.834120 -0.231888 0.950990
0.516350 -0.225257 0.960596
0.551584 -0.223673 0.970299
0.597505 -0.228696 0.980100
0.623114 -0.236549 0.990000
0.633858 -0.213338 1.000000
1.000000 -0.230101 0.000000
1.000000 -0.230161 0.000000
1.000000 -0.230145 0.000000
1.000000 -0.230144 0.000000
1.000000 -0.230168 0.000000
1.000000 -0.230157 0.000000
1.000000 -0.230166 0.000000
1.000000 -0.230167 0.000000
1.000000 -0.230168 0.000000
1.000000 -0.230168 0.000000
1.000000 -0.230168 0.000000
1.000000 -0.230168 0.000000
1.000000 -0.230084 0.000000
1.000000 -0.229655 0.000000
0.853162 -0.229580 0.000000
0.765796 -0.227738 0.000000
0.684974 -0.225967 0.000000
0.752089 -0.226105 0.000000
0.766511 -0.226290 0.913517
0.768206 -0.227452 0.922745
0.796813 -0.228902 0.932065
0.827617 -0.230398 0.941480
0.834120 -0.231888 0.950990
0.516350 -0.225257 0.960596
0.551584 -0.223673 0.970299
0.597505 -0.228696 0.980100
0.623114 -0.236549 0.990000
0.633858 -0.213338 1.000000
1.000000 -0.230101 0.000000
1.000000 -0.230161 0.000000
1.000000 -0.230145 0.000000
1.000000 -0.230144 0.000000
1.000000 -0.230168 0.000000
1.000000 -0.230157 0.000000
1.000000 -0.230166 0.000000
1.000000 -0.230167 0.000000
1.000000 -0.230168 0.000000
1.000000 -0.230168 0.000000
1.000000 -0.230168 0.000000
1.000000 -0.230168 0.000000
1.000000 -0.230084 0.000000
1.000000 -0.229655 0.000000
0.853162 -0.229580 0.000000
0.765796 -0.227738 0.000000
0.684974 -0.225967 0.000000
0.752089 -0.226105 0.000000
0.766511 -0.226290 0.913517
0.768206 -0.227452 0.922745
0.796813 -0.228902 0.932065
0.827617 -0.230398 0.941480
0.834120 -0.231888 0.950990
0.516350 -0.225257 0.960596
0.551584 -0.223673 0.970299
0.597505 -0.228696 0.980100
0.623114 -0.236549 0.990000
0.633858 -0.213338 1.000000
1.000000 -0.230101 0.000000
1.000000 -0.230161 0.000000
1.000000 -0.230145 0.000000
1.000000 -0.230144 0.000000
1.000000 -0.230168 0.000000
1.000000 -0.230157 0.000000
1.000000 -0.230166 0.000000
1.000000 -0.230167 0.000000
1.000000 -0.230168 0.000000
1.000000 -0.230168 0.000000
1.000000 -0.230168 0.000000
1.000000 -0.230168 0.000000
1.000000 -0.230084 0.000000
1.000000 -0.229655 0.000000
0.853162 -0.229580 0.000000
0.765796 -0.227738 0.000000
0.684974 -0.225967 0.000000
1.000000 -0.230101 0.000000
1.000000 -0.230161 0.000000
1.000000 -0.230145 0.000000
1.000000 -0.230144 0.000000
1.000000 -0.230168 0.000000
1.000000 -0.230157 0.000000
1.000000 -0.230166 0.000000
1.000000 -0.230167 0.000000
1.000000 -0.230168 0.000000
1.000000 -0.230168 0.000000
1.000000 -0.230168 0.000000
1.000000 -0.230168 0.000000
1.000000 -0.230084 0.000000
1.000000 -0.229655 0.000000
0.853162 -0.229580 0.000000
0.765796 -0.227738 0.000000
0.684974 -0.225967 0.000000
0.752089 -0.226105 0.000000
0.766511 -0.226290 0.913517
0.768206 -0.227452 0.922745
0.796813 -0.228902 0.932065
0.827617 -0.230398 0.941480
0.834120 -0.231888 0.950990
0.516350 -0.225257 0.960596
0.551584 -0.223673 0.970299
0.597505 -0.228696 0.980100
0.623114 -0.236549 0.990000
0.633858 -0.213338 1.000000
1.000000 -0.230101 0.000000
1.000000 -0.230161 0.000000
1.000000 -0.230145 0.000000
1.000000 -0.230144 0.000000
1.000000 -0.230168 0.000000
1.000000 -0.230157 0.000000
1.000000 -0.230166 0.000000
1.000000 -0.230167 0.000000
1.000000 -0.230168 0.000000
1.000000 -0.230168 0.000000
1.000000 -0.230168 0.000000
1.000000 -0.230168 0.000000
1.000000 -0.230084 0.000000
1.000000 -0.229655 0.000000
0.853162 -0.229580 0.000000
0.765796 -0.227738 0.000000
0.684974 -0.225967 0.000000
0.752089 -0.226105 0.000000
0.766511 -0.226290 0.913517
0.768206 -0.227452 0.922745
0.796813 -0.228902 0.932065
0.827617 -0.230398 0.941480
0.834120 -0.231888 0.950990
0.516350 -0.225257 0.960596
0.551584 -0.223673 0.970299
0.597505 -0.228696 0.980100
0.623114 -0.236549 0.990000
0.633858 -0.213338 1.000000
1.000000 -0.230101 0.000000
1.000000 -0.230161 0.000000
1.000000 -0.230145 0.000000
1.000000 -0.230144 0.000000
1.000000 -0.230168 0.000000
1.000000 -0.230157 0.000000
1.000000 -0.230166 0.000000
1.000000 -0.230167 0.000000
1.000000 -0.230168 0.000000
1.000000 -0.230168 0.000000
1.000000 -0.230168 0.000000
1.000000 -0.230168 0.000000
1.000000 -0.230084 0.000000
1.000000 -0.229655 0.000000
0.853162 -0.229580 0.000000
0.765796 -0.227738 0.000000
0.684974 -0.225967 0.000000
0.752089 -0.226105 0.000000
0.766511 -0.226290 0.913517
0.768206 -0.227452 0.922745
0.796813 -0.228902 0.932065
0.827617 -0.230398 0.941480
0.834120 -0.231888 0.950990
0.516350 -0.225257 0.960596
0.551584 -0.223673 0.970299
0.597505 -0.228696 0.980100
0.623114 -0.236549 0.990000
0.633858 -0.213338 1.000000
1.000000 -0.230101 0.000000
1.000000 -0.230161 0.000000
1.000000 -0.230145 0.000000
1.000000 -0.230144 0.000000
1.000000 -0.230168 0.000000
1.000000 -0.230157 0.000000
1.000000 -0.230166 0.000000
1.000000 -0.230167 0.000000
1.000000 -0.230168 0.000000
1.000000 -0.230168 0.000000
1.000000 -0.230168 0.000000
1.000000 -0.230168 0.000000
1.000000 -0.230084 0.000000
1.000000 -0.229655 0.000000
0.853162 -0.229580 0.000000
0.765796 -0.227738 0.000000
0.684974 -0.225967 0.000000
0.752089 -0.226105 0.000000
0.766511 -0.226290 0.913517
0.768206 -0.227452 0.922745
0.796813 -0.228902 0.932065
0.827617 -0.230398 0.941480
0.834120 -0.231888 0.950990
0.516350 -0.225257 0.960596
0.551584 -0.223673 0.970299
0.597505 -0.228696 0.980100
0.623114 -0.236549 0.990000
0.633858 -0.213338 1.000000
1.000000 -0.230101 0.000000
1.000000 -0.230161 0.000000
1.000000 -0.230145 0.000000
1.000000 -0.230144 0.000000
1.000000 -0.230168 0.000000
1.000000 -0.230157 0.000000
1.000000 -0.230166 0.000000
1.000000 -0.230167 0.000000
1.000000 -0.230168 0.000000
1.000000 -0.230168 0.000000
1.000000 -0.230168 0.000000
1.000000 -0.230168 0.000000
1.000000 -0.230084 0.000000
1.000000 -0.229655 0.000000
0.853163 -0.229580 0.000000
0.765795 -0.227738 0.000000
0.684974 -0.225967 0.000000
0.752089 -0.226105 0.000000
0.766511 -0.226290 0.913517
0.768211 -0.227452 0.922745
0.796817 -0.228902 0.932065
0.827621 -0.230398 0.941480
0.834123 -0.231887 0.950990
0.516350 -0.225256 0.960596
0.551584 -0.223671 0.970299
0.597504 -0.228694 0.980100
0.623114 -0.236544 0.990000
0.633857 -0.213337 1.000000
1.000000 -0.230101 0.000000
1.000000 -0.230161 0.000000
1.000000 -0.230145 0.000000
1.000000 -0.230144 0.000000
1.000000 -0.230168 0.000000
1.000000 -0.230157 0.000000
1.000000 -0.230166 0.000000
1.000000 -0.230167 0.000000
1.000000 -0.230168 0.000000
1.000000 -0.230168 0.000000
1.000000 -0.230168 0.000000
1.000000 -0.230168 0.000000
1.000000 -0.230084 0.000000
1.000000 -0.229655 0.000000
0.853162 -0.229580 0.000000
0.765796 -0.227738 0.000000
0.684974 -0.225967 0.000000
0.752089 -0.226105 0.000000
0.766511 -0.226290 0.913517
0.768206 -0.227452 0.922745
0.796813 -0.228902 0.932065
0.827617 -0.230398 0.941480
0.834120 -0.231888 0.950990
0.516350 -0.225257 0.960596
0.551584 -0.223673 0.970299
0.597505 -0.228696 0.980100
0.623114 -0.236549 0.990000
0.633858 -0.213338 1.000000
1.000000 -0.230101 0.000000
1.000000 -0.230161 0.000000
1.000000 -0.230145 0.000000
1.000000 -0.230144 0.000000
1.000000 -0.230168 0.000000
1.000000 -0.230157 0.000000
1.000000 -0.230166 0.000000
1.000000 -0.230167 0.000000
1.000000 -0.230168 0.000000
1.000000 -0.230168 0.000000
1.000000 -0.230168 0.000000
1.000000 -0.230168 0.000000
1.000000 -0.230084 0.000000
1.000000 -0.229655 0.000000
0.853162 -0.229580 0.000000
0.765796 -0.227738 0.000000
0.684974 -0.225967 0.000000
0.752089 -0.226105 0.000000
0.766511 -0.226290 0.913517
0.768206 -0.227452 0.922745
0.796813 -0.228902 0.932065
0.827617 -0.230398 0.941480
0.834120 -0.231888 0.950990
0.516350 -0.225257 0.960596
0.551584 -0.223673 0.970299
0.597505 -0.228696 0.980100
0.623114 -0.236549 0.990000
0.633858 -0.213338 1.000000
1.000000 -0.230101 0.000000
1.000000 -0.230161 0.000000
1.000000 -0.230145 0.000000
1.000000 -0.230144 0.000000
1.000000 -0.230168 0.000000
1.000000 -0.230157 0.000000
1.000000 -0.230166 0.000000
1.000000 -0.230167 0.000000
1.000000 -0.230168 0.000000
1.000000 -0.230168 0.000000
1.000000 -0.230168 0.000000
1.000000 -0.230168 0.000000
1.000000 -0.230084 0.000000
1.000000 -0.229655 0.000000
0.853162 -0.229580 0.000000
0.765796 -0.227738 0.000000
0.684974 -0.225967 0.000000
0.752089 -0.226105 0.000000
0.766511 -0.226290 0.913517
0.768206 -0.227452 0.922745
0.796813 -0.228902 0.932065
0.827617 -0.230398 0.941480
0.834120 -0.231888 0.950990
0.516350 -0.225257 0.960596
0.551584 -0.223673 0.970299
0.597505 -0.228696 0.980100
0.623114 -0.236549 0.990000
0.633858 -0.213338 1.000000
1.000000 -0.230101 0.000000
1.000000 -0.230161 0.000000
1.000000 -0.230145 0.000000
1.000000 -0.230144 0.000000
1.000000 -0.230168 0.000000
1.000000 -0.230157 0.000000
1.000000 -0.230166 0.000000
1.000000 -0.230167 0.000000
1.000000 -0.230168 0.000000
1.000000 -0.230168 0.000000
1.000000 -0.230168 0.000000
1.000000 -0.230168 0.000000
1.000000 -0.230084 0.000000
1.000000 -0.229655 0.000000
0.853162 -0.229580 0.000000
0.765796 -0.227738 0.000000
0.684974 -0.225967 0.000000
1.000000 -0.230101 0.000000
1.000000 -0.230161 0.000000
1.000000 -0.230145 0.000000
1.000000 -0.230144 0.000000
1.000000 -0.230168 0.000000
1.000000 -0.230157 0.000000
1.000000 -0.230166 0.000000
1.000000 -0.230167 0.000000
1.000000 -0.230168 0.000000
1.000000 -0.230168 0.000000
1.000000 -0.230168 0.000000
1.000000 -0.230168 0.000000
1.000000 -0.230084 0.000000
1.000000 -0.229655 0.000000
0.853162 -0.229580 0.000000
0.765796 -0.227738 0.000000
0.684974 -0.225967 0.000000
0.752089 -0.226105 0.000000
0.766511 -0.226290 0.913517
0.768206 -0.227452 0.922745
0.796813 -0.228902 0.932065
0.827617 -0.230398 0.941480
0.834120 -0.231888 0.950990
0.516350 -0.225257 0.960596
0.551584 -0.223673 0.970299
0.597505 -0.228696 0.980100
0.623114 -0.236549 0.990000
0.633858 -0.213338 1.000000
1.000000 -0.230101 0.000000
1.000000 -0.230161 0.000000
1.000000 -0.230145 0.000000
1.000000 -0.230144 0.000000
1.000000 -0.230168 0.000000
1.000000 -0.230157 0.000000
1.000000 -0.230166 0.000000
1.000000 -0.230167 0.000000
1.000000 -0.230168 0.000000
1.000000 -0.230168 0.000000
1.000000 -0.230168 0.000000
1.000000 -0.230168 0.000000
1.000000 -0.230084 0.000000
1.000000 -0.229655 0.000000
0.853162 -0.229580 0.000000
0.765796 -0.227738 0.000000
0.684974 -0.225967 0.000000
0.752089 -0.226105 0.000000
0.766511 -0.226290 0.913517
0.768206 -0.227452 0.922745
0.796813 -0.228902 0.932065
0.827617 -0.230398 0.941480
0.834120 -0.231888 0.950990
0.516350 -0.225257 0.960596
0.551584 -0.223673 0.970299
0.597505 -0.228696 0.980100
0.623114 -0.236549 0.990000
0.633858 -0.213338 1.000000
1.000000 -0.230101 0.000000
1.000000 -0.230161 0.000000
1.000000 -0.230145 0.000000
1.000000 -0.230144 0.000000
1.000000 -0.230168 0.000000
1.000000 -0.230157 0.000000
1.000000 -0.230166 0.000000
1.000000 -0.230167 0.000000
1.000000 -0.230168 0.000000
1.000000 -0.230168 0.000000
1.000000 -0.230168 0.000000
1.000000 -0.230168 0.000000
1.000000 -0.230084 0.000000
1.000000 -0.229655 0.000000
0.853162 -0.229580 0.000000
0.765796 -0.227738 0.000000
0.684974 -0.225967 0.000000
0.752089 -0.226105 0.000000
0.766511 -0.226290 0.913517
0.768206 -0.227452 0.922745
0.796813 -0.228902 0.932065
0.827617 -0.230398 0.941480
0.834120 -0.231888 0.950990
0.516350 -0.225257 0.960596
0.551584 -0.223673 0.970299
0.597505 -0.228696 0.980100
0.623114 -0.236549 0.990000
0.633858 -0.213338 1.000000
1.000000 -0.230101 0.000000
1.000000 -0.230161 0.000000
1.000000 -0.230145 0.000000
1.000000 -0.230144 0.000000
1.000000 -0.230168 0.000000
1.000000 -0.230157 0.000000
1.000000 -0.230166 0.000000
1.000000 -0.230167 0.000000
1.000000 -0.230168 0.000000
1.000000 -0.230168 0.000000
1.000000 -0.230168 0.000000
1.000000 -0.230168 0.000000
1.000000 -0.230084 0.000000
1.000000 -0.229655 0.000000
0.853162 -0.229580 0.000000
0.765796 -0.227738 0.000000
0.684974 -0.225967 0.000000
0.752089 -0.226105 0.000000
0.766511 -0.226290 0.913517
0.768206 -0.227452 0.922745
0.796813 -0.228902 0.932065
0.827617 -0.230398 0.941480
0.834120 -0.231888 0.950990
0.516350 -0.225257 0.960596
0.551584 -0.223673 0.970299
0.597505 -0.228696 0.980100
0.623114 -0.236549 0.990000
0.633858 -0.213338 1.000000
1.000000 -0.230101 0.000000
1.000000 -0.230161 0.000000
1.000000 -0.230145 0.000000
1.000000 -0.230144 0.000000
1.000000 -0.230168 0.000000
1.000000 -0.230157 0.000000
1.000000 -0.230166 0.000000
1.000000 -0.230167 0.000000
1.000000 -0.230168 0.000000
1.000000 -0.230168 0.000000
1.000000 -0.230168 0.000000
1.000000 -0.230168 0.000000
1.000000 -0.230084 0.000000
1.000000 -0.229655 0.000000
0.853162 -0.229580 0.000000
0.765796 -0.227738 0.000000
0.684974 -0.225967 0.000000
0.752089 -0.226105 0.000000
0.766511 -0.226290 0.913517
0.768206 -0.227452 0.922745
0.796813 -0.228902 0.932065
0.827617 -0.230398 0.941480
0.834120 -0.231888 0.950990
0.516350 -0.225257 0.960596
0.551584 -0.223673 0.970299
0.597505 -0.228696 0.980100
0.623114 -0.236549 0.990000
0.633858 -0.213338 1.000000
1.000000 -0.230101 0.000000
1.000000 -0.230161 0.000000
1.000000 -0.230145 0.000000
1.000000 -0.230144 0.000000
1.000000 -0.230168 0.000000
1.000000 -0.230157 0.000000
1.000000 -0.230166 0.000000
1.000000 -0.230167 0.000000
1.000000 -0.230168 0.000000
1.000000 -0.230168 0.000000
1.000000 -0.230168 0.000000
1.000000 -0.230168 0.000000
1.000000 -0.230084 0.000000
1.000000 -0.229655 0.000000
0.853162 -0.229580 0.000000
0.765796 -0.227738 0.000000
0.684974 -0.225967 0.000000
0.752089 -0.226105 0.000000
0.766511 -0.226290 0.913517
0.768206 -0.227452 0.922745
0.796813 -0.228902 0.932065
0.827308 -0.230601 0.941480
0.834186 -0.232143 0.950990
0.516365 -0.225509 0.960596
0.551585 -0.223928 0.970299
0.597512 -0.228963 0.980100
0.623134 -0.236836 0.990000
0.633889 -0.213629 1.000000
1.000000 -0.230101 0.000000
1.000000 -0.230161 0.000000
1.000000 -0.230145 0.000000
1.000000 -0.230144 0.000000
1.000000 -0.230168 0.000000
1.000000 -0.230157 0.000000
1.000000 -0.230166 0.000000
1.000000 -0.230167 0.000000
1.000000 -0.230168 0.000000
1.000000 -0.230168 0.000000
1.000000 -0.230168 0.000000
1.000000 -0.230168 0.000000
1.000000 -0.230084 0.000000
1.000000 -0.229655 0.000000
0.853162 -0.229580 0.000000
